10
0.8883388448868171 0.5721973441976274 0.639970063222705 0.27797388631232245 0.01606504943375442 0.8972711079776559 0.4637553597409174 0.8441310183930453 0.4221425627432184 0.2660401310873356 
0.08126092880810432 0.6811835083229344 0.2642822959559257 0.38525650624383434 0.10138849959193019 0.8702466591750103 0.729554483940629 0.8119544256657598 0.06717608929077346 0.018524403804820788 
0.04259729646601307 0.7494401404434129 0.26175790973448965 0.21757982118934438 0.5468797328634816 0.09437453165845244 0.490266376772464 0.9306032933316217 0.35478162512043065 0.2511086713490227 
0.9683007123185201 0.06163368661222968 0.6546550199987697 0.8986877633810137 0.3396412261477143 0.9139872785685168 0.8384074726231432 0.21436670367103217 0.7997457587503248 0.7824943978896249 
0.7531849806546587 0.8892014878929635 0.23437768022924388 0.1913399020267592 0.2980937081632634 0.5880248636577246 0.3487492864224223 0.9738190657395864 0.7481480720067707 0.3024175500104834 
0.7348468122264695 0.8935368373399052 0.2757032390826447 0.8041827722473243 0.8383195073544913 0.09120370481156059 0.45297055841281497 0.997122878334586 0.2471364397268958 0.8265027506596846 
0.9526607298425906 0.5717035952696243 0.39956250432845064 0.9309583529496989 0.9950556155005401 0.8950470670747527 0.7719534643104426 0.7959908755857092 0.8913540403123604 0.7644421976385419 
0.4933935850005179 0.5169426651406429 0.9822432319873613 0.11543898625406779 0.030803651968272394 0.19277588724077688 0.9395922066844209 0.8998755238278029 0.9533613915581188 0.8042835757906874 
0.9861659711385136 0.587810760155432 0.9721631177537328 0.985037246623483 0.8009688608128898 0.07188733611729448 0.8578094986125677 0.8224054578801382 0.775889688119043 0.28642698584824433 
0.9732675762786305 0.8876435032330662 0.37987050928357813 0.6883711404250464 0.20429766826284934 0.669853465193259 0.7626299019920778 0.6358485531202795 0.5819037336442004 0.21455333444833147 
0.29833186531371336 0.4053998881612121 0.384195236796388 0.6461105851336266 0.7358885468855754 0.4707908494679325 0.609231545297127 0.33972078679125706 0.6834768747129818 0.713092767615634 
